
ki=1.9e-3;
ke=1.9e-3;
L=1e-3;
R=1;
kred=123;
Jeq=1e-5;
f=0.01;